SetNames	Counts1	Counts2	Dist
T.cells.gamma.delta	1793	1764	2515.26241175747
NK CD56bright cells	1651	1700	2369.76813211757
T.cells.CD4.memory.resting	1587	1577	2237.29702990014
NK.cells.activated	1598	1531	2213.04428333461
Dendritic.cells.activated	1552	1519	2171.65029413117
NK.cells.resting	1535	1530	2167.28516813086
Bcell_21978456	1530	1522	2158.09731013224
Th17 cells	1462	1519	2108.27061830307
CD103pos_CD103neg_ratio_25446897	1425	1470	2047.32142078375
Macrophages.M0	1424	1420	2011.01367474217
B.cells.memory	1452	1375	1999.73223207508
Plasma.cells	1406	1413	1993.34016163825
Mast.cells.activated	1368	1430	1978.97043939519
Mast.cells.resting	1370	1305	1892.0689733728
CD8_CD68_ratio	1322	1306	1858.31106115203
Dendritic.cells.resting	1210	1203	1706.25584248084
Monocytes	1105	1158	1600.62144181565
T.cells.CD8	1122	1133	1594.54476262035
B.cells.naive	1065	1136	1557.15156616175
T.cells.CD4.naive	1113	1088	1556.44241782342
Buck14_score	1165	1028	1553.7081450517
T.cells.CD4.memory.activated	1076	1068	1516.04749265978
T.cells.follicular.helper	1055	1061	1496.24396406468
Macrophages.M2	990	1022	1422.87877206739
TAMsurr_TcClassII_ratio	988	999	1405.04270397736
C7_Atom_30	977	1003	1400.19212967364
LYMPHS_PCA_16704732	944	978	1359.27186390361
T.cells.regulatory..Tregs.	926	947	1324.4942430981
Tgd cells	918	862	1259.27280602735
C7_Atom_31	841	827	1179.49565493053
Mast cells	809	809	1144.09877195983
C7_Atom_32	818	774	1126.14386292338
IL8_21978456	766	825	1125.78017392384
T helper cells	735	738	1041.57044888956
C7_Atom_7	713	755	1038.4575099637
Tfh cells	709	680	982.385362268799
Eosinophils	672	692	964.597325312485
CSR_Activated_15701700	686	678	964.510238411185
C7_Atom_25	696	648	950.95741229563
Rotterdam_ERneg_PCA_15721472	667	640	924.385741993028
Th2 cells	640	660	919.347594764896
IFIT3	648	624	899.599911071583
CHANG_CORE_SERUM_RESPONSE_UP	638	602	877.181851157444
C7_Atom_6	609	628	874.794261526675
C7_Atom_22	623	586	855.29234768002
C7_Atom_1	574	629	851.538020290345
IL13_score_21050467	578	604	836.002392341075
Module11_Prolif_score	577	603	834.588521368465
TREM1_data	559	593	814.941715707326
MCD3_CD8_21214954	556	575	799.850611051839
Interferon_19272155	556	554	784.889801182306
C7_Atom_11	560	521	764.879729107786
Lymph vessels	514	548	751.332150250473
IFN_21978456	538	521	748.922559414523
Angiogenesis	511	540	743.452083190302
C7_Atom_16	500	544	738.874820250359
C7_Atom_3	536	497	730.961695302839
TGFB_score_21050467	464	446	643.593039117112
Tem cells	452	456	642.059187302853
Troester_WoundSig_19887484	433	454	627.379470496126
Macrophages.M1	445	439	625.096792504969
C7_Atom_17	425	450	618.970920156997
B cells	427	434	608.839059193807
C7_Atom_9	429	431	608.113476252582
pDC	429	418	598.969949162727
NK cells	423	422	597.505648508866
NK CD56dim cells	427	415	595.444371877004
Tcm cells	410	404	575.600555941358
PDL1_data	427	379	570.937824986224
Module3_IFN_score	393	406	565.053094850387
C7_Atom_14	410	385	562.427773140694
C7_Atom_18	382	403	555.277408148396
MHC1_21978456	396	381	549.524339770314
TGFB_PCA_17349583	391	381	545.932230226427
C7_Atom_27	365	403	543.722355619116
CD8 T cells	359	405	541.207908294031
MHC.I_19272155	400	363	540.156458815407
Interferon_Cluster_21214954	360	392	532.225516111357
Immune_NSCLC_score	324	372	493.315314986267
C7_Atom_24	332	361	490.453871429312
GRANS_PCA_16704732	357	333	488.198730027025
C7_Atom_28	345	334	480.188504652079
C7_Atom_2	320	354	477.195976512795
CD68	355	308	469.988297726656
C7_Atom_4	323	330	461.767257392726
C7_Atom_19	308	326	448.486343158852
IgG_19272155	316	317	447.599151026898
C7_Atom_23	329	300	445.24263048365
C7_Atom_26	282	298	410.277954562514
DAP12_data	305	274	410.001219510381
C7_Atom_15	312	253	401.687689629642
GP11_Immune_IFN	247	279	372.625817677734
DC	254	253	358.503835404867
CD103neg_mean_25446897	256	242	352.278299076171
Bcell_mg_IGJ	215	244	325.209163462532
Th1 cells	219	190	289.932750823359
G_GIMAP4	169	228	283.804510182626
G_SIGLEC9	184	194	267.379879572117
iDC	172	179	248.243831746128
NHI_5gene_score	170	177	245.415973400266
G_LILRB4	163	165	231.935335815826
C7_Atom_12	153	165	225.01999911119
C7_Atom_13	151	164	222.928239574981
PD1_data	154	156	219.207664099593
C7_Atom_20	164	144	218.24756585126
IL4_score_21050467	145	157	213.714763177465
C7_Atom_8	142	158	212.43351901242
CD103pos_mean_25446897	158	130	204.606940253746
C7_Atom_21	143	135	196.657061912355
G_HLA.DPA1	128	145	193.414063604486
C7_Atom_5	127	132	183.174779923438
Neutrophils	127	129	181.024860171193
ICS5_score	138	117	180.922635399775
IR7_score	128	125	178.910592196214
Minterferon_Cluster_21214954	120	132	178.392824967822
CTLA4_data	126	126	178.19090885901
IFNG_score_21050467	125	122	174.668256990216
Treg cells	125	116	170.531522012794
aDC	116	119	166.183633369836
MHC2_21978456	117	116	164.757397406004
IGG_Cluster_21214954	120	97	154.301652615907
LYM	109	109	154.149278298667
TAMsurr_score	105	112	153.521985396229
Bcell_receptors_score	121	88	149.61617559609
MDACC.FNA.1_20805453	90	116	146.819617217864
PD1_PDL1_score	91	111	143.533968105114
Antigen presenting machinery	96	105	142.270868416553
C7_Atom_29	93	89	128.724512040248
IL2_score_21050467	86	90	124.482930556763
C7_Atom_10	100	71	122.641754716736
CD8A	91	78	119.854077944808
STAT1_19272155	81	84	116.69190203266
MHC.II_19272155	82	78	113.172434806361
Cytotoxic cells	81	77	111.758668567588
ICR_INHIB_SCORE	90	65	111.018016555873
CSF1_response	86	58	103.73041983912
G_CYTH4	68	62	92.0217365626187
Macrophages	64	59	87.0459648691426
G_SLAMF6	45	66	79.8811617341661
Immune_cell_Cluster_21214954	50	55	74.3303437365925
G_CD3E	47	54	71.5891053163818
CD8_PCA_16704732	47	51	69.3541635375988
B_cell_PCA_16704732	44	53	68.8839603971781
STAT1_score	52	45	68.7677249878168
LIexpression_score	49	48	68.5930025585701
Tcell_receptors_score	48	47	67.1788657242737
ICR_ACT_SCORE	54	37	65.4599113962126
Chemokine12_score	42	48	63.7808748764079
T_cell_PCA_16704732	42	48	63.7808748764079
GP2_ImmuneTcellBcell_score	41	44	60.1414998150196
Tcell_21978456	34	48	58.821764679411
Module4_TcellBcell_score	45	37	58.258046654518
LCK_19272155	40	42	58
IL12_score_21050467	41	40	57.2800139664787
TcClassII_score	37	43	56.7274184147313
ICR_SCORE	42	33	53.4134814442946
HER2_Immune_PCA_18006808	36	39	53.0754180388624
Module5_TcellBcell_score	34	29	44.6878059430087
T cells	27	16	31.3847096529504
